0   277.01177860548216
1   277.03922696111084
2   277.06331231900305
3   277.08764677693154
4   277.1651304710339
5   277.15329726360306
6   277.1755408284948
7   277.21642019485125
8   277.2512542188533
9   277.24082611882164
10   277.26055800253664
11   277.27454531142666
12   277.31113876823775
13   277.36831895283945
14   277.36684915657776
15   277.3887971896441
16   277.4051457294676
17   273.7330252583809
18   273.7702219079775
19   273.8072489185901
20   273.8443934865456
21   273.8815761749562
22   273.9180075927636
23   273.95415456304977
24   273.9898409472911
25   274.02680443336936
26   274.0604679886673
27   274.09604837593014
28   274.1309804278268
29   277.6987601170325
30   274.2012441342856
31   274.23490573814865
32   277.72872340056045
33   277.7670160709802
34   277.7734427340701
35   277.77520274428065
36   277.79600865219066
37   282.5433141727356
38   282.55654486368724
39   280.8401471199876
40   280.84390617425873
41   280.905530135458
42   280.8942414296961
43   280.92024524196916
44   280.9543141618259
45   280.99462917651687
46   280.986654533718
47   281.0315367363897
48   281.0558873384275
49   281.0577088824797
50   281.0964372137295
51   281.1034270056808
52   281.12309309589295
53   281.1442443732689
54   281.1657246581274
55   281.18176634203746
56   281.2235206138185
57   281.2466457018856
58   281.2474563984801
59   281.26932516824417
60   281.2811951647949
61   281.2998667550843
62   281.3230348118158
63   281.33860474860467
64   281.3800409768033
65   281.3760774629302
66   281.40962411230777
67   281.42413770742314
68   281.45137995365195
69   281.4468765105314
70   281.4691351487381
71   281.4979899427957
72   281.5149651837556
73   281.50447914367686
74   281.5232585243185
75   281.55928027525226
76   281.5552353592121
77   281.5887078528814
78   281.5898585355976
79   281.6010942140256
80   281.61438436502596
81   281.62069892735155
82   281.63393215665997
83   281.66852169488544
84   281.67603726897534
85   281.69218559066087
86   281.70713613565954
87   281.718719403572
88   281.709177702917
89   281.7387336533252
90   281.74612158547535
91   281.7472579794743
92   281.7672209935754
93   281.7761428176615
94   281.76565824512596
95   281.76902889050336
96   276.5856159163602
97   278.68514290676603
98   275.1831753952137
99   275.1718326025301
100   276.5964257305352
101   276.60258823049804
102   275.1831311683531
103   278.7239750465372
104   275.22702461869187
105   278.72167165851704
106   278.7421547800114
107   278.7225161469271
108   278.74206293971235
109   278.72150543313376
110   278.7182160574454
111   278.7405749076632
112   278.7350524498273
113   278.7120385392353
114   278.7204625112955
115   278.69379285524985
116   278.67334377793367
117   275.1909532545497
118   281.70981596217297
119   281.6885099843739
120   281.68023501076095
121   281.65161546501673
122   281.6145749095041
123   282.7854249192011
124   281.5183694326461
125   281.4728863881322
126   281.4154392069064
127   281.3538198251412
128   281.2980760550798
129   284.49121672010637
130   285.038141436428
131   285.57883341210095
132   286.1156959352265
133   286.64816985244886
134   287.1766687024481
135   287.70077868694716
136   288.2214711175317
137   288.7358640253468
138   289.2486203723511
139   289.7590711558193
140   290.27182343072263
141   290.79648822759754
142   291.3686015865763
143   288.54447860711446
144   281.46392247896466
145   279.8148553745813
146   278.6454524544426
147   279.0367706929167
148   277.0883686491971
149   276.7554999720886
150   275.85661067130917
151   275.81166912579016
152   275.40130506363585
153   278.7573411148033
154   281.4427603314712
155   274.38052771268536
156   274.3829914019146
157   274.3822232135181
158   274.38036606154594
159   274.38048544308515
160   274.36399970867586
161   274.2926393343825
162   274.2259520329263
163   274.22864742774107
164   274.21448406583585
165   274.21168006920277
166   274.2185577624346
167   274.23694802858023
168   274.25886362727607
169   274.2858098758272
170   274.31999664319727
171   274.3578487263846
172   274.3826314588282
173   274.38269033195536
174   274.54379181859457
175   274.6431835056221
176   274.6278091890051
177   274.7446534155138
178   274.791930794005
179   274.82339503837994
180   274.90310229702646
181   274.8955122470324
182   274.9821635018271
183   275.0782646947456
184   275.11705791883736
185   275.6570739811587
186   275.718755439371
187   275.28448411644894
188   276.11219208953713
189   277.27772656026235
190   277.25770269801683
191   277.24733333350144
192   277.2338402664462
193   277.2273658079463
194   277.181094002451
195   277.1878367188355
196   277.0163431129177
197   277.028114820983
198   277.0855015816183
199   277.1446066567547
200   276.08064196977045
201   276.2076162805751
202   276.33232941697116
203   276.40431348835574
204   276.45638230047064
205   276.4991358527911
206   276.5392018867901
207   276.57938820306026
208   276.7262455235219
209   276.7252354567107
210   276.77240831004485
211   276.81711869065253
212   276.8665165267794
213   276.92274249194674
214   277.068765589827
215   277.08545941059117
216   277.0859956379871
217   277.153563128403
218   277.22514821201645
219   276.30784101377543
220   276.33150352896604
221   276.0522428424422
222   276.64477743598337
223   276.0554289814832
224   276.0530129137083
225   276.0522428424422
226   277.07858021021025
227   277.07858021021025
228   277.07858021021025
229   277.07858021021025
230   275.9014928824589
231   276.4985151316588
232   275.94851175021955
233   277.6362961053242
234   277.71594863027025
235   278.1561183491022
236   278.1993998065419
237   275.8028047887297
238   278.3511992412074
239   278.33963095852147
240   275.79125586235307
241   276.4806948384224
242   275.8397329332413
243   275.87932836646513
244   275.8012944651078
245   275.87327647522807
246   278.68854507580306
247   278.74233865942495
248   278.7470161828079
249   278.816143958437
250   278.85974094659866
251   278.87044246002796
252   278.91445163011633
253   284.1167847059459
254   284.1269647071155
255   284.1343648838839
256   284.13266772539055
257   284.1406623197254
258   284.15135835999126
259   284.1707537463723
260   284.18000014783735
261   284.17939767612467
262   281.42115283752895
263   281.4498252824465
264   281.4409001208418
265   281.4689928617856
266   281.4792204675799
267   281.4903444017197
268   281.48184705170206
269   281.50852829902607
270   281.5024238258525
271   279.71144524984624
272   279.7532538182615
273   279.80370644791344
274   279.8155112103303
275   281.56722219858153
276   281.5627071000966
277   281.5863508987617
278   275.02723977694745
279   279.9766180374211
280   280.02169240043355
281   280.06511268647677
282   280.1311698653201
283   280.1390861278973
284   279.46764738109766
285   279.4556175603214
286   279.6621932707802
287   279.3015213869116
288   279.2530273450805
289   279.21692100683765
290   279.1863010707889
291   279.1598765236512
292   279.1358601962672
293   275.3897567350318
294   275.44963626330497
295   275.5067638976149
296   275.56715546702657
297   275.62346126019736
298   275.68072954618424
299   275.7377083572992
300   275.79332648206184
301   275.84969066939544
302   275.9082467216629
303   275.92433365967946
304   276.02777651326255
305   276.079763898274
306   276.13303532765326
307   276.18128369951665
308   276.23139045335944
309   276.42482504913573
310   276.9101097347955
311   276.96051970212204
312   276.96931079399496
313   276.9901528301892
314   275.8006593848086
315   277.16300822093734
316   277.27972725147663
317   277.325312476576
318   277.3927606986698
319   277.4392582472336
320   277.5949494923706
321   276.0535344472708
322   276.0549441688034
323   276.0538301565639
324   276.0535983050224
325   276.15689659493967
326   281.34841757520053
327   281.37383930788764
328   281.363475716401
329   281.41891001297574
330   281.40941592453834
331   281.43725916715255
332   281.46480204415144
333   281.4954571562817
334   281.52627997804285
335   281.54421693033515
336   281.5393420937131
337   281.5615714530638
338   281.59517029874354
339   281.60503839736384
340   276.5844211388465
341   278.7932431500234
342   278.83217448184155
343   278.8799648585725
344   276.6316524212379
345   276.6360226806485
346   276.6909577002674
347   276.6918281689892
348   276.74070850658796
349   276.76150983448866
350   276.74992192544977
351   276.8546987009487
352   276.83652507005854
353   276.87110884341206
354   276.88882202711835
355   276.91845840023717
356   276.93101085815266
357   276.99913419200635
358   276.9543158795939
359   277.0200004780905
