0  276.99999999999363
1  277.0299999999936
2  277.04999999999995
3  277.079999999999
4  277.0999999999981
5  277.11999999999716
6  277.1499999999962
7  277.1699999999953
8  277.18999999999437
9  277.21999999999343
10  277.2399999999925
11  277.2599999999916
12  277.28999999999064
13  277.3099999999897
14  277.3299999999888
15  277.35999999998785
16  277.3799999999869
17  277.399999999986
18  277.41999999998507
19  277.43999999998414
20  277.4699999999832
21  277.4899999999823
22  277.50999999998135
23  277.5299999999804
24  277.5499999999795
25  277.56999999997856
26  277.58999999997764
27  277.6099999999767
28  277.63999999997577
29  277.65999999997484
30  277.6799999999739
31  277.699999999973
32  277.71999999997206
33  277.73999999997113
34  277.7599999999702
35  277.7799999999693
36  277.79999999996835
37  277.8199999999674
38  277.8399999999665
39  277.8499999999656
40  277.86999999996465
41  277.8899999999637
42  277.9099999999628
43  277.92999999996186
44  277.94999999996094
45  277.96999999996
46  277.9899999999591
47  277.99999999995816
48  278.01999999995724
49  278.0399999999563
50  278.0599999999554
51  278.06999999995446
52  278.08999999995353
53  278.1099999999526
54  278.1299999999517
55  278.13999999995076
56  278.15999999994983
57  278.1799999999489
58  278.189999999948
59  278.20999999994706
60  278.22999999994613
61  278.2399999999452
62  278.2599999999443
63  278.26999999994337
64  278.28999999994244
65  278.3099999999415
66  278.3199999999406
67  278.33999999993966
68  278.34999999993875
69  278.3699999999378
70  278.3799999999369
71  278.39999999993597
72  278.40999999993505
73  278.41999999993413
74  278.4399999999332
75  278.4499999999323
76  278.46999999993136
77  278.47999999993044
78  278.4899999999295
79  278.4999999999286
80  278.5199999999277
81  278.52999999992676
82  278.53999999992584
83  278.5499999999249
84  278.569999999924
85  278.5799999999231
86  278.58999999992216
87  278.59999999992124